%YAML:1.0
---
matrix1: !!opencv-matrix
   rows: 3
   cols: 3
   dt: d
   data: [ 5.8516942932078950e+02, 0., 3.3222658200665268e+02, 0.,
       5.7895982788013134e+02, 2.3897630116382729e+02, 0., 0., 1. ]
matrix2: !!opencv-matrix
   rows: 5
   cols: 1
   dt: d
   data: [ 4.1935073645582611e-02, -3.2266952915295244e-01, 0., 0.,
       1.1823524145265372e+00 ]
error: 2.8442938935167899e+00
colinealidad: 1.3224954984445095e-03
