%YAML:1.0
---
matrix1: !!opencv-matrix
   rows: 3
   cols: 3
   dt: d
   data: [ 6.1091575056823558e+02, 0., 3.3275660969394676e+02, 0.,
       6.0803571506596802e+02, 2.2297154161761037e+02, 0., 0., 1. ]
matrix2: !!opencv-matrix
   rows: 5
   cols: 1
   dt: d
   data: [ 7.7105732520810367e-03, 1.0299065098218868e-01, 0., 0.,
       -2.2870580887050146e-01 ]
error: 2.9371961231133537e-01
colinealidad: 9.9086265070461130e-02
