%YAML:1.0
---
calibration_time: "sáb 17 mar 2018 21:21:21 -05"
nr_of_frames: 49
image_width: 640
image_height: 480
board_width: 4
board_height: 11
square_size: 35.
# flags: +zero_tangent_dist +fix_k4 +fix_k5
flags: 6152
fisheye_model: 0
camera_matrix: !!opencv-matrix
   rows: 3
   cols: 3
   dt: d
   data: [ 6.1091575056823558e+02, 0., 3.3275660969394676e+02, 0.,
       6.0803571506596802e+02, 2.2297154161761037e+02, 0., 0., 1. ]
distortion_coefficients: !!opencv-matrix
   rows: 5
   cols: 1
   dt: d
   data: [ 7.7105732520810367e-03, 1.0299065098218868e-01, 0., 0.,
       -2.2870580887050146e-01 ]
avg_reprojection_error: 2.9371961231133537e-01
per_view_reprojection_errors: !!opencv-matrix
   rows: 49
   cols: 1
   dt: f
   data: [ 1.00268416e-01, 1.52875647e-01, 1.30175412e-01,
       1.80124402e-01, 1.45713657e-01, 1.06155425e-01, 1.54498369e-01,
       1.62958220e-01, 1.66324884e-01, 2.23214760e-01, 4.50146258e-01,
       1.77041233e-01, 3.26705754e-01, 1.77866712e-01, 1.49401337e-01,
       2.47567654e-01, 1.81788296e-01, 1.42729610e-01, 2.12888211e-01,
       3.79944026e-01, 1.60807297e-01, 3.26655626e-01, 3.43199790e-01,
       1.47308215e-01, 2.21562505e-01, 2.55112410e-01, 2.46792704e-01,
       2.32367605e-01, 1.63240269e-01, 1.66331962e-01, 1.63098171e-01,
       2.51873076e-01, 4.57268864e-01, 6.68397427e-01, 5.33468902e-01,
       3.03591967e-01, 2.98691452e-01, 1.87680334e-01, 2.30786160e-01,
       3.30428809e-01, 2.32462436e-01, 3.45734656e-01, 2.83468753e-01,
       6.59114778e-01, 4.04342502e-01, 3.89112800e-01, 3.23574543e-01,
       4.25436407e-01, 1.76283285e-01 ]
# a set of 6-tuples (rotation vector + translation vector) for each view
extrinsic_parameters: !!opencv-matrix
   rows: 49
   cols: 6
   dt: d
   data: [ 1.4756172401756645e-01, 1.1094347044769484e-01,
       1.7924554274595741e+00, 8.6587588095709066e+01,
       -7.2736578240394877e+01, 2.7702140208742553e+03,
       -1.6977172020759112e-02, 1.9676159072747529e-01,
       1.7771735206234760e+00, 5.6632245873089040e+01,
       -3.9268333523518663e+02, 2.7691755121412652e+03,
       -4.3459669534817952e-01, 5.3229727073560988e-02,
       1.6421439447373440e+00, 6.1607110801112221e+01,
       2.4292239827187132e+02, 2.6423506010609099e+03,
       1.8922317962552684e-02, -2.8473428400919770e-01,
       1.2689526451885911e+00, -3.7411080215461351e+02,
       5.2259401025855175e+02, 2.6652965974994645e+03,
       -1.6623093013469484e-01, 1.3480804643300823e-01,
       1.8081149398138150e+00, -8.9202940960743547e+02,
       6.0641051200576794e+02, 2.6673838090588374e+03,
       -2.9425749317711336e-01, -5.4972624146863901e-02,
       1.1008554777732382e+00, -8.2935959379757401e+02,
       -5.1371098205017302e+02, 2.7785156807541384e+03,
       -3.9161055876623002e-01, -4.8768007583307887e-01,
       1.6561980711833630e+00, -9.4302975571004231e+02,
       -8.8994369676723329e+02, 2.8403723990279373e+03,
       -5.8301601581288109e-01, 3.7873980378868644e-01,
       1.5390737982958709e+00, 6.1375616134527388e+02,
       6.8403906116483336e+02, 2.6051985267266432e+03,
       2.3447683130988042e-01, 2.5912568676172631e-01,
       2.0032791768175988e+00, 1.1936117238630191e+03,
       5.6050034359816266e+02, 2.6469879354148075e+03,
       -1.2644980218721361e-01, -8.3404305549468497e-02,
       1.5722416377634039e+00, 1.0634061736220563e+03,
       -7.9332723924114973e+01, 2.6330285162453883e+03,
       -8.0397339764288159e-02, 2.0489116791180409e-01,
       1.7196370092579214e+00, 1.2171772716818064e+03,
       -7.5155816297921717e+02, 2.8336193553878416e+03,
       -4.7140235853109080e-01, 1.7683148315891484e-01,
       1.5888625539976318e+00, 4.6162539813929777e+02,
       1.5422078716083459e+02, 2.5372838629385838e+03,
       -8.8017736927217649e-02, -1.0007944563360192e-01,
       1.3765762087590392e+00, 1.0320168995571896e+03,
       -3.5992426949097728e+02, 2.8671614481823603e+03,
       -2.0844748294403481e-01, -3.9827339746214496e-01,
       1.6805790657547093e+00, 2.4370876086764935e+02,
       -6.5450136501202564e+02, 2.2920303903193480e+03,
       -3.3735734946622725e-01, 2.5375691136592778e-02,
       1.1170438347081968e+00, 2.2807665648432396e+02,
       1.9615651682681616e+02, 2.1104467433967816e+03,
       -1.1951181388724159e-01, -3.5826289312109372e-01,
       1.5840306261693049e+00, -5.8861144200300782e+02,
       4.9699750088530357e+02, 2.3410675523335804e+03,
       8.4714217934000191e-02, -8.4244941509586668e-01,
       1.3264530630015041e+00, -8.9379651137871906e+02,
       -6.7990367720631411e+02, 2.3904606966784972e+03,
       3.9557428782981754e-03, 1.9066510886131949e-01,
       1.6527258889752250e+00, 9.9892745498118882e+02,
       3.3075428075048353e+02, 2.2478418656562653e+03,
       -9.4141393058559134e-02, -5.6641968336987147e-01,
       1.5600083436238630e+00, 7.3850178538171258e+02,
       -6.0843799491808079e+02, 2.3174877852018835e+03,
       -1.3778560028981568e-01, -4.3277235669779740e-01,
       1.5525909408494500e+00, 1.9638435105466425e+02,
       -6.4754997732911278e+01, 1.5047900427840495e+03,
       1.6420323879824217e-01, 2.7076726056999273e-01,
       1.7130678613858890e+00, 7.0690835505473785e+02,
       2.8427482996715469e+02, 1.5554175802741693e+03,
       3.0198171496253055e-02, 3.6196350844467415e-02,
       1.6529711038135309e+00, 7.1403333532030399e+02,
       -3.7352818415771713e+02, 1.5966931715532867e+03,
       -4.5630400690588596e-01, -6.6754826714978210e-01,
       1.1237946436557606e+00, -2.1477554594786844e+02,
       -5.3990207935086676e+02, 1.6150473569121709e+03,
       -1.8919554522402848e-01, 2.0772320754156776e-01,
       1.1759128344651626e+00, -3.6632072212421156e+02,
       1.4050446927414899e+02, 1.5365332604059370e+03,
       -2.0389934981128216e-01, 1.3418081541033758e-01,
       1.7460940672774476e+00, 7.2660801325579575e+02,
       -1.2792304733154931e+02, 1.5902694597452125e+03,
       1.2410944557534043e-01, -1.0075070375129755e-03,
       1.3699408872501737e+00, 5.3647413956990908e+02,
       6.8694042930579243e+01, 1.5350801542414490e+03,
       -1.9429629483405256e-01, -2.1886574473340598e-01,
       1.5210493020020257e+00, 9.1900525834594191e+01,
       5.5561270812097248e+01, 1.5433925697233160e+03,
       2.3916476659010749e-01, -1.2722775676094544e-01,
       1.6586533333052880e+00, -9.9081508539370745e+01,
       2.4938228723771152e+02, 1.6436338743676829e+03,
       1.2625999775911659e-01, 1.6336830401285113e-02,
       1.2278603286888401e+00, -5.8272895989326264e+02,
       -2.0405163327750282e+02, 1.7751214471394894e+03,
       1.3421381107725036e-01, -5.0761952052251952e-02,
       1.4237108399368772e+00, -4.8213176258838450e+02,
       -5.1356462424037568e+02, 1.8141851699074084e+03,
       -4.3141824562040804e-01, 1.2264014187766466e-01,
       1.9939498216483140e+00, -2.4554061685427442e+00,
       -1.2881179568431116e+02, 1.6764856608438615e+03,
       3.9459384951806115e-01, -1.9670102837551404e-01,
       1.3893056863618263e+00, 2.9212719464785232e+02,
       -1.5237265165223900e+02, 1.4496831864870580e+03,
       -4.5671313611642728e-01, 1.3542680489224757e-01,
       1.4510239262236551e+00, 3.2870408663996152e+01,
       -1.8404913081515483e+02, 1.1047629826872417e+03,
       -5.0285560515788874e-01, -2.5234228628758748e-01,
       1.2947605893517526e+00, 4.7040380619464983e+01,
       -1.3075679571279730e+02, 1.1070280162384563e+03,
       -3.7395506241642662e-01, -1.0616453449581073e-01,
       1.4462528531321694e+00, 1.6807330275035912e+02,
       1.0453270245949628e+02, 1.0608135732982123e+03,
       -8.9422955572301857e-02, -3.3200745242774299e-01,
       1.9541032507017553e+00, 1.2969363028275632e+02,
       1.2857257373017691e+02, 1.1342606617851900e+03,
       -2.2235267013440535e-01, 4.0796387178594673e-01,
       1.7633451770052373e+00, 1.6453337064348307e+02,
       -2.2867374301785500e+02, 1.1589988302156555e+03,
       -6.4225954998590087e-02, -1.0318048408196516e-01,
