<?xml version="1.0"?>
<opencv_storage>
<calibration_time>"sáb 17 mar 2018 20:01:26 -05"</calibration_time>
<nr_of_frames>45</nr_of_frames>
<image_width>640</image_width>
<image_height>480</image_height>
<board_width>7</board_width>
<board_height>5</board_height>
<square_size>27.</square_size>
<!-- flags: +zero_tangent_dist +fix_k4 +fix_k5 -->
<flags>6152</flags>
<fisheye_model>0</fisheye_model>
<camera_matrix type_id="opencv-matrix">
  <rows>3</rows>
  <cols>3</cols>
  <dt>d</dt>
  <data>
    1.2132376639268168e+02 0. 3.1980457728895169e+02 0.
    1.1904533717552064e+02 2.3772191445811609e+02 0. 0. 1.</data></camera_matrix>
<distortion_coefficients type_id="opencv-matrix">
  <rows>5</rows>
  <cols>1</cols>
  <dt>d</dt>
  <data>
    -3.1881731794157341e-02 7.0681550488429116e-05 0. 0.
    2.0195084806626446e-06</data></distortion_coefficients>
<avg_reprojection_error>2.1825160513003418e+01</avg_reprojection_error>
<per_view_reprojection_errors type_id="opencv-matrix">
  <rows>45</rows>
  <cols>1</cols>
  <dt>f</dt>
  <data>
    5.87474155e+00 6.74546814e+00 5.45782757e+00 6.95366287e+00
    1.54076567e+01 1.72972794e+01 1.88621407e+01 1.29341679e+01
    6.62090969e+00 1.61453094e+01 6.78030062e+00 5.47169685e+00
    1.72094212e+01 2.54861546e+00 2.79307961e+00 3.20724344e+00
    9.49596024e+00 5.09735298e+00 6.58768225e+00 3.86160493e+00
    5.52552366e+00 2.30915761e+00 3.33679318e+00 7.54753780e+00
    1.12546225e+01 7.19057846e+00 4.36324453e+00 1.68194809e+01
    6.27873707e+00 6.89444017e+00 4.54183960e+00 1.34328217e+02
    2.57992744e+00 4.28911161e+00 8.03127384e+00 5.46194601e+00
    5.53337431e+00 1.05876532e+01 4.03108597e+00 3.35303807e+00
    1.07270241e+01 7.37728357e+00 1.01726322e+01 4.46314287e+00
    4.82981157e+00</data></per_view_reprojection_errors>
<!-- a set of 6-tuples (rotation vector + translation vector) for each view -->
<extrinsic_parameters type_id="opencv-matrix">
  <rows>45</rows>
  <cols>6</cols>
  <dt>d</dt>
  <data>
    -1.7734085076267232e-02 -1.5561308677317193e-01
    -1.3471243248248424e-01 -3.3125572401144133e+01
    6.7522602473015993e+01 2.4814562221298419e+02
    -7.0015391369818589e-02 -2.8369016345058083e-03
    1.1081861036902063e-01 -9.8306765524048174e+01
    2.5435300322288961e+02 2.7335875234717571e+02
    -1.9276985620014767e-01 -1.2469060902923998e-01
    -5.2775587460519391e-01 -3.2078779183652188e+02
    1.7326300886749854e+02 2.6963995420240883e+02
    -1.6503429870193434e-01 -2.0465418878744834e-01
    -4.2782924870985339e-01 -3.8382989726695547e+02
    2.3680215838310090e+01 2.7202404286929942e+02
    -1.5322869344379728e-01 -1.4942773339905593e-02
    2.4429872181815881e-01 -4.1653545136481637e+02
    -4.8051648545637056e+02 2.6238442872184424e+02
    -3.1460889527979780e-01 3.2297724272408587e-03
    -2.3951007164009656e-02 -5.6660163267073017e+02
    -1.0979727872986825e+02 2.4602264986433431e+02
    -4.8757287752245532e-01 7.6559066326598202e-02
    -4.0699084333310387e-01 -5.1248126409649694e+02
    2.7217260907534512e+02 2.4291285153141959e+02
    -1.7235081101076535e-01 -2.1945173670343627e+00
    2.1624115184941384e-01 -4.1477724765579251e+02
    1.7647095857612932e+01 1.8774257726951049e+02
    -1.1764059800091001e-01 1.5724146806394695e-01
    -1.9610459639021821e-01 2.0287579216282015e+02
    2.0619185410220356e+02 3.1261622924257551e+02
    -4.2630696124887443e-02 6.7728146631380093e-01
    -2.0663125156644084e-02 4.4694128806048252e+02
    -5.2928775346472275e+02 3.7103242264110321e+02
    -2.5618706716453843e-01 1.3239650465397013e-01
    -2.2447140079519404e-01 3.7539932168968085e+02
    -8.8504624579228306e+01 2.3302010090111736e+02
    -1.3002257443819121e-01 3.9658133838007248e-01
    3.5720044133328882e-01 3.8596142110293925e+02 1.3163436324286269e+02
    2.7825344670297119e+02 -6.9715263883559545e-02
    3.0803746649537611e-01 -2.5648064150417187e-02
    2.1101970936206638e+02 -3.1335044723100339e+02
    1.8564466426378846e+02 3.5927726166677547e-02 3.8933213343486560e-02
    1.8781147323225009e-01 -4.4405567883342997e+01
    -5.9739110196722102e+01 1.8800844971623692e+02
    2.6470259544510977e-01 -9.4656665415408531e-03
    -8.7423058750903254e-03 -1.2792394892416817e+02
    -2.7857638547565648e+02 1.7727444316714292e+02
    -1.8480295887712447e-01 3.8550262525817593e-02
    -2.8516498963891546e-01 -1.1683884367409732e+02
    1.4384081005917201e+02 1.9774418175986924e+02
    -2.8418609652046017e-01 -5.4840101486373118e-02
    -3.0002104181820760e-01 -3.5540919927016353e+02
    8.4186781578795745e+01 1.7852734000325688e+02
    -2.7696247156068218e-02 1.9114708628552600e-02
    -2.7465613654013921e-01 -2.8816426690486946e+02
    -1.2206609137510650e+02 1.7583971730783148e+02
    1.7828476420335548e-01 3.8706758087941627e-02
    -2.0814590466181673e-01 -2.8673615073969273e+02
    -2.4159353982008051e+02 1.8492150020765433e+02
    1.3436525602834967e-01 7.2765047558749296e-02
    -2.6794655246378685e-01 5.7693162097264192e+01
    -1.0470114663683339e+02 1.4349486732699074e+02
    4.2062135254408994e-01 2.0553043631475862e-01 6.6664116073018517e-02
    3.8934412496240007e+01 -2.8441366130956277e+02
    1.6564197886833691e+02 4.3684981250825178e-02 2.2332154448485277e-02
    2.9995289978183654e-01 6.0897240462830347e+01
    -3.0554564859638436e+01 1.3126431580481423e+02
    -3.2240205455958443e-03 4.0363363630986755e-02
    -1.5108412155932946e-01 5.5497904775491207e+01
    1.1044019047625387e+02 1.3344925505289316e+02 2.9790354393210339e-01
    2.6743256883649341e-01 2.7212957304010188e-01 1.3433610937259766e+02
    -2.8072272052238958e+02 1.5893744538486192e+02
    7.7577113087687374e-02 -2.4508404398115863e-04
    -8.6839558780412454e-02 -2.0365497610905820e+02
    -1.3794049946360124e+02 1.0536030599892359e+02
    -1.5851665430298795e-01 -7.7301709151548034e-02
    -1.3255643721691590e-01 -1.8141369227994474e+02
    -4.3539132034455248e+00 1.0245285177120572e+02
    -9.4039253272024684e-02 -9.7539521641827082e-02
    2.4365663960596154e-01 -1.3661335476072040e+02
    -1.9166786047691275e+01 9.8776916467465924e+01
    1.0027151190444086e-01 9.9769966406650076e-02
    -7.1227660672124743e-02 -2.2951010308539944e+02
    -1.7092546123926942e+02 1.1293839490567677e+02
    -2.8267447407901325e-02 -3.7196874927401181e-02
    -2.8094808537156546e-01 -1.8463020341731314e+02
    -4.5273178205461853e+01 1.0067055532453843e+02
    3.5823455863061050e-02 1.1249208933148679e-01
    -2.1999961767605433e-02 2.5711864231953395e+01
    -6.4533883107579101e+01 9.0536697892011972e+01
    7.3901318163445889e-02 4.0393881353740571e-02
    -3.0514913945713296e-01 -3.3028899594179940e+01
    -3.6136875827878484e+01 8.3243073965305541e+01
    1.7084303457953678e+00 8.0937340887251397e-01
    -5.1100261870100661e-01 -9.4711920735601879e+01
    -9.2985557989328687e+00 1.0379440362591216e+01
    -1.2646492154855977e-02 -3.9898700234364606e-02
    -3.7157444027152875e-01 -7.3574074124553022e+01
    -5.1139699011285842e+00 7.4822883840051745e+01
    5.5485062332095908e-02 -8.4310155600105616e-02
    1.9135760916592193e-02 -4.7668881215754332e+01
    -4.8516232494393606e+01 7.0185527715293887e+01
    -3.3238758336495422e-02 4.3540217041358048e-02
    -2.9739275374864472e-02 -2.1330104572447652e+00
    8.2482350719888249e+00 7.8636327825014078e+01 1.5144314626852351e-01
    -1.1675372950828273e-03 -3.7680313119178505e-01
    -4.5501900324292563e+01 -8.3616265368889543e+01
    8.0248970159912872e+01 2.4287073671718583e-02
    -5.7231319487294444e-02 -1.0373283435288007e-01
    -1.1364356868789258e+02 -6.8521904098171547e+01
    6.3469365629105383e+01 1.3476650030800168e-02
    -5.3822843953418700e-02 5.8188616546710648e-02
    -1.2806445625239616e+02 -1.0810602968205265e+02
    6.8692869516882311e+01 -5.1718885909550490e-02
    3.4610968398197835e-02 1.7931071033194612e-01
    -8.2818595379278975e+01 -8.3675525956100159e+01
    7.6608999278980193e+01 -2.4323865077125102e-02
