<?xml version="1.0"?>
<opencv_storage>
<calibration_time>"sáb 17 mar 2018 18:11:21 -05"</calibration_time>
<nr_of_frames>50</nr_of_frames>
<image_width>640</image_width>
<image_height>480</image_height>
<board_width>5</board_width>
<board_height>4</board_height>
<square_size>4.4299999237060547e+01</square_size>
<!-- flags: +zero_tangent_dist +fix_k4 +fix_k5 -->
<flags>6152</flags>
<fisheye_model>0</fisheye_model>
<camera_matrix type_id="opencv-matrix">
  <rows>3</rows>
  <cols>3</cols>
  <dt>d</dt>
  <data>
    5.7777038739509203e+02 0. 3.2787163856941271e+02 0.
    5.7186213684206189e+02 2.2871895472261025e+02 0. 0. 1.</data></camera_matrix>
<distortion_coefficients type_id="opencv-matrix">
  <rows>5</rows>
  <cols>1</cols>
  <dt>d</dt>
  <data>
    1.6799878737736259e-03 -7.8092206340691306e-02 0. 0.
    6.7651664923179047e-02</data></distortion_coefficients>
<avg_reprojection_error>2.0792532153599042e-01</avg_reprojection_error>
<per_view_reprojection_errors type_id="opencv-matrix">
  <rows>50</rows>
  <cols>1</cols>
  <dt>f</dt>
  <data>
    7.98518285e-02 1.21987462e-01 1.56675190e-01 1.11982770e-01
    1.49829328e-01 9.19993669e-02 1.50939003e-01 1.65518716e-01
    1.40466213e-01 1.33324042e-01 1.20036691e-01 9.65729058e-02
    1.82206675e-01 1.24315567e-01 1.83317855e-01 9.30338427e-02
    1.55709207e-01 1.74847454e-01 1.27523512e-01 1.68109208e-01
    1.55788511e-01 1.30228028e-01 1.74125493e-01 1.56450212e-01
    1.78996280e-01 2.02020884e-01 2.29243517e-01 1.53258547e-01
    1.96700141e-01 2.68599242e-01 1.85966432e-01 3.26774418e-01
    1.51638001e-01 2.55729020e-01 2.46838883e-01 2.00332239e-01
    3.08230549e-01 2.00880066e-01 3.96319687e-01 1.83977932e-01
    3.08680922e-01 3.28356206e-01 2.62073576e-01 2.08594337e-01
    2.46608883e-01 2.66427100e-01 2.00028107e-01 1.86665922e-01
    3.28333914e-01 3.57926458e-01</data></per_view_reprojection_errors>
<!-- a set of 6-tuples (rotation vector + translation vector) for each view -->
<extrinsic_parameters type_id="opencv-matrix">
  <rows>50</rows>
  <cols>6</cols>
  <dt>d</dt>
  <data>
    3.1356187664114192e+00 -2.6943741369611154e-02
    1.1433462930710264e-01 -2.4426657898314435e+01
    1.0039581214680899e+02 1.3885155564718816e+03
    -2.6209190806021851e+00 9.3335750217917360e-02
    -2.3508636879641034e-01 -9.1362588052131670e+00
    -2.7503750746273960e+02 1.4128782607874982e+03
    2.9367153466474476e+00 -1.6835810005803772e-01
    6.9066671778295241e-01 1.6828510706017916e+01 3.5606450100872053e+02
    1.2413584613106650e+03 -2.6929665063659245e+00
    -5.6016115513235598e-02 -3.7461182689226469e-01
    -3.1898425882548929e+02 -1.2706657031271915e+02
    1.3089347841105780e+03 -2.6095747329727317e+00
    -5.6486399641075513e-01 -9.5907322156434022e-02
    -3.6095882280411024e+02 1.8142421629233158e+02
    1.3120499357263034e+03 2.9010647916867924e+00
    -2.3778313265491183e-01 6.3129678838168435e-01
    -2.6154282663470980e+02 4.4393183414693169e+02
    1.2135196418640419e+03 3.1478283158858558e+00
    -8.8876037037112221e-02 8.9497383606270992e-02
    -5.1443323850369984e+02 -3.3550367140181760e+02
    1.3837119034767079e+03 2.8216385844988690e+00
    -2.4534508285492679e-01 -3.5040523983626676e-01
    -4.2868178649323499e+02 7.2311758415422986e+01
    1.3188343135881357e+03 -2.8317619619276320e+00
    1.4727377990355095e-01 -5.1476500747890697e-01
    -5.8140863321180132e+02 4.5352740385779072e+02
    1.2778581785896718e+03 3.0412613588320005e+00
    -3.4966891297865771e-01 4.9405716787540944e-02
    -6.1656013072570261e+02 -9.2129507039110038e+01
    1.3530877369138800e+03 2.9627908086529846e+00 1.7899975918375022e-01
    1.1535504646734083e+00 -6.8514289145636110e+02
    -3.6663310137990430e+02 1.3195218942149336e+03
    2.9900951731348231e+00 4.4387113429629782e-01
    -1.2695192736358329e-01 2.3411027228681471e+02
    4.3789228472904779e+02 1.3275982991190424e+03 2.9325398064051833e+00
    4.3660626003885472e-01 -8.5198558433197777e-02
    4.5893713590206966e+02 -3.2394983128269786e+02
    1.3495246770147216e+03 3.1502961921210653e+00 2.6604978246835437e-01
    -2.2075190725963933e-02 4.2445225606002811e+02
    2.8998766803716649e+01 1.2903456777376337e+03
    -2.8734151006232400e+00 2.4734780933102879e-01
    -2.1334894480855721e-01 4.0687823475844493e+02
    4.0316875078504052e+02 1.2609813814657703e+03 2.9973678026662953e+00
    4.1869239708757744e-01 -2.4170771092201851e-01
    3.2953916021716799e+02 3.6931808596893899e+02 1.2359412361148100e+03
    -3.0147748487790573e+00 -1.3066817897585067e-01
    -3.0157465930487520e-01 3.0829349439976357e+02
    2.5357282992704950e+02 1.2163643649583191e+03
    -3.0561338073762072e+00 -2.2556015410478142e-01
    -7.6248127905967231e-02 -1.0161907402292370e+02
    -1.6102851818998928e+02 1.1557537912632433e+03
    -3.0688085694073171e+00 -6.0260115604952458e-01
    1.4015585388350196e-01 -1.2621566534641137e+02
    -1.3376900276117922e+02 1.1547681379623330e+03
    2.8671541275406942e+00 4.5055250142488579e-01
    -5.1396345014563627e-01 9.2897589203932512e+01
    -6.8985784584537370e+01 1.1946023405187798e+03
    -2.9884338756090121e+00 1.4769111046436659e-01
    -4.7453231160349318e-01 1.4120654421041644e+02
    3.1863408746441553e+02 1.1235132994848982e+03
    -3.0134518615156449e+00 2.6351027078022077e-01
    3.1589699149930694e-01 3.4537196134416951e+02
    -1.2447490933926993e+02 1.1884666099971532e+03
    2.9027283627137606e+00 3.7476251737460892e-01
    -1.1704025585420344e-01 -3.4037414146005460e+02
    -1.2503352646047512e+02 1.2348151670883137e+03
    -3.0858845170117744e+00 -1.6741811670619772e-01
    -1.8869666523696052e-01 -5.8369952725241592e+02
    1.0905570914529414e+02 1.2450577837864066e+03 2.9710949029252944e+00
    7.0125154108557730e-01 2.0508473317530512e-02
    -5.6901985574151843e+02 2.5563479642415831e+02
    1.1758347766475842e+03 2.9557343542693553e+00
    -4.3492138057992213e-01 4.8620156429458439e-01
    -3.7021084382278991e+02 -8.0270976804647162e+01
    8.2522874446358912e+02 -2.9116886363786914e+00
    4.8108939334011364e-02 -5.9215149302941750e-01
    -4.0583056768055576e+02 3.2497280778453620e+02
    8.6103980012002057e+02 3.1110482423992867e+00 4.7561377430975887e-01
    2.9678574107342937e-01 -2.4002300974435289e+02
    2.1554849914699261e+02 8.8999153214561068e+02
    -2.5965835648467048e+00 2.0634655252438991e-01
    -4.6441087051503671e-01 -1.1985533754384447e+02
    2.1961894785015147e+01 9.0004030725911002e+02 2.8590494995346059e+00
    -1.1367384937527649e+00 -1.6529865313358585e-01
    2.7171209274443163e+02 -4.7528273097998117e+01
    1.0283610810830291e+03 -2.8916500810821200e+00
    -3.7107843424346487e-01 5.4242741399334171e-01
    1.3919033626349565e+02 8.3969221543661760e+01 1.0189613943512364e+03
    -2.5114126009379119e+00 -2.2978649474280383e-02
    -1.0769044087997479e-01 7.1667593756217698e+01
    3.1330034659259559e+02 9.8998487261116031e+02 2.8955215118520257e+00
    2.2389997099641606e-01 -7.9342107699322262e-01
    2.2358500672893277e+02 2.8807149873981706e+02 9.7186088708738839e+02
    3.0360731369381830e+00 -2.6905102034400591e-01
    -3.2613118059361351e-01 -1.2633766671837290e+02
    2.1794393798341474e+02 1.0084277095928638e+03 3.1400595680244985e+00
    2.9298173770140251e-01 -2.6152615125700843e-02
    -4.2347704540784224e+02 -1.5411163689925974e+02
    8.2680148425460607e+02 -3.0313798315616944e+00
    -1.3715781223561349e-01 -7.4194605613621212e-01
    -3.2238704950848552e+02 2.7673129300535038e+02
    7.3505678242427371e+02 -3.0571700610771151e+00
    2.9005288958634573e-01 -3.0279222201939010e-01
    -1.7005523640869902e+02 1.3981216583122469e+02
    7.8412225609156462e+02 -2.9039812743596691e+00
    4.3742622832365735e-01 -4.6290020341895566e-01
    -1.1225646668392666e+02 -8.6808697367436537e+01
    8.1315882147347145e+02 2.9845370290677486e+00 1.8064746159728318e-01
    -1.5366448689405129e-01 -1.6535202454920045e+02
