<?xml version="1.0"?>
<opencv_storage>
<calibration_time>"sáb 17 mar 2018 21:27:04 -05"</calibration_time>
<nr_of_frames>49</nr_of_frames>
<image_width>640</image_width>
<image_height>480</image_height>
<board_width>4</board_width>
<board_height>11</board_height>
<square_size>35.</square_size>
<!-- flags: +zero_tangent_dist +fix_k4 +fix_k5 -->
<flags>6152</flags>
<fisheye_model>0</fisheye_model>
<camera_matrix type_id="opencv-matrix">
  <rows>3</rows>
  <cols>3</cols>
  <dt>d</dt>
  <data>
    6.1112137656790128e+02 0. 3.3281215798294522e+02 0.
    6.0823185502746844e+02 2.2302003714267261e+02 0. 0. 1.</data></camera_matrix>
<distortion_coefficients type_id="opencv-matrix">
  <rows>5</rows>
  <cols>1</cols>
  <dt>d</dt>
  <data>
    7.5215773668336891e-03 1.0205767093447486e-01 0. 0.
    -2.2496892237852706e-01</data></distortion_coefficients>
<avg_reprojection_error>2.8418485822036177e-01</avg_reprojection_error>
<per_view_reprojection_errors type_id="opencv-matrix">
  <rows>49</rows>
  <cols>1</cols>
  <dt>f</dt>
  <data>
    9.42542925e-02 9.25227627e-02 1.28280208e-01 1.63674220e-01
    1.40976712e-01 1.04359232e-01 1.49714261e-01 1.55236915e-01
    1.60634682e-01 2.16380090e-01 2.49556184e-01 1.71428442e-01
    1.95238963e-01 1.76969931e-01 1.46521389e-01 2.36104518e-01
    1.71064347e-01 1.35235697e-01 1.99593335e-01 3.74055296e-01
    1.58666670e-01 3.27088326e-01 3.39449167e-01 1.49794370e-01
    2.21581057e-01 2.55942613e-01 2.45354936e-01 2.31078908e-01
    1.61615700e-01 1.66255325e-01 1.62026107e-01 2.51031280e-01
    4.52080816e-01 6.68201625e-01 5.33473313e-01 3.05546403e-01
    3.00095856e-01 1.87767625e-01 2.30673209e-01 3.28473747e-01
    2.31689602e-01 3.44127655e-01 2.83989817e-01 6.61947787e-01
    4.05934036e-01 3.93627495e-01 3.21940392e-01 4.23274100e-01
    1.76964566e-01</data></per_view_reprojection_errors>
<!-- a set of 6-tuples (rotation vector + translation vector) for each view -->
<extrinsic_parameters type_id="opencv-matrix">
  <rows>49</rows>
  <cols>6</cols>
  <dt>d</dt>
  <data>
    1.4841288214615012e-01 1.1055916726426325e-01 1.7924205338193371e+00
    8.6321317650293096e+01 -7.2936028941088836e+01
    2.7707311739946995e+03 -1.9762425126100387e-02
    1.9989334933235514e-01 1.7769896435051917e+00 5.6442306705054364e+01
    -3.9288263994447976e+02 2.7703229620125599e+03
    -4.3398545761060986e-01 5.2748936184524267e-02
    1.6422412650735327e+00 6.1381464755210267e+01 2.4271927831653767e+02
    2.6431296837881182e+03 1.9367387598669104e-02
    -2.8444588364653361e-01 1.2685836249527618e+00
    -3.7435806408334230e+02 5.2227779985816062e+02
    2.6656695728002701e+03 -1.6634217522174166e-01
    1.3391368964482131e-01 1.8082860902492039e+00
    -8.9246470946028705e+02 6.0636725532486480e+02
    2.6686794702621769e+03 -2.9385235582772418e-01
    -5.5553483458515927e-02 1.1009629076612450e+00
    -8.2972709747269300e+02 -5.1404543420867458e+02
    2.7796575045294699e+03 -3.9216726787679185e-01
    -4.8787755303133490e-01 1.6558942198655930e+00
    -9.4309608786794229e+02 -8.9001289688551924e+02
    2.8405662229282316e+03 -5.8240763540340812e-01
    3.7847289595703798e-01 1.5390778887420802e+00 6.1370469247184394e+02
    6.8395828036025807e+02 2.6064576323070337e+03 2.3587349731710147e-01
    2.5574757032913381e-01 2.0028977014308937e+00 1.1930255029317329e+03
    5.6006662409717023e+02 2.6468214777092112e+03
    -1.2651742223790105e-01 -8.3153770044999714e-02
    1.5722248221349810e+00 1.0635117465901792e+03
    -7.9527707052728829e+01 2.6347283916145216e+03
    -8.1075681649138559e-02 2.1050335526096567e-01
    1.7215069366407723e+00 1.2171413092571197e+03
    -7.5123534934598251e+02 2.8340243214803959e+03
    -4.7150595017389624e-01 1.7588505693862669e-01
    1.5888830815643511e+00 4.6137518363211171e+02 1.5399475407355595e+02
    2.5378697645478546e+03 -8.6327315340264929e-02
    -1.0041483617800145e-01 1.3765508617357298e+00
    1.0317512899306180e+03 -3.6009928830113608e+02
    2.8676300747933251e+03 -2.0852555422638161e-01
    -3.9861609642510165e-01 1.6804947413643645e+00
    2.4351390845485503e+02 -6.5468245820057507e+02
    2.2926487321792570e+03 -3.3771313511050366e-01
    2.4373906938460702e-02 1.1171099205152060e+00 2.2786456651623720e+02
    1.9592813171841513e+02 2.1106687038743594e+03
    -1.1851304621125988e-01 -3.5957343582034212e-01
    1.5840656866585225e+00 -5.8844277823688492e+02
    4.9657026481906786e+02 2.3405797564272302e+03 8.5839644132426049e-02
    -8.4348452029264642e-01 1.3264834324129433e+00
    -8.9375898718428164e+02 -6.7990886472982561e+02
    2.3906159493754722e+03 4.0734792269270593e-03 1.8945184600997367e-01
    1.6527029394591259e+00 9.9858706843070911e+02 3.3050754753793638e+02
    2.2481508065314915e+03 -9.4065454501683701e-02
    -5.6662914018442156e-01 1.5598028476252035e+00
    7.3831626266962792e+02 -6.0862850026571493e+02
    2.3180256732984276e+03 -1.3784586166452720e-01
    -4.3292315854578689e-01 1.5525966032308747e+00
    1.9628606897726371e+02 -6.4858291521229361e+01
    1.5052262807139386e+03 1.6486874025509676e-01 2.7152963277820441e-01
    1.7128597606465570e+00 7.0666527909290687e+02 2.8409503146590424e+02
    1.5556309622326294e+03 3.0389091954216404e-02 3.5514148045447148e-02
    1.6528862610742259e+00 7.1390481602040131e+02
    -3.7367706207044631e+02 1.5971661664170690e+03
    -4.5598237007621412e-01 -6.6776521890789342e-01
    1.1238556878550618e+00 -2.1486473249263042e+02
    -5.4005419676444183e+02 1.6155643830709753e+03
    -1.8940790344675590e-01 2.0785947463558888e-01
    1.1758798524124976e+00 -3.6645544343535732e+02
    1.4038207239039536e+02 1.5369842987510440e+03
    -2.0369773720393741e-01 1.3380707072230891e-01
    1.7461016532165037e+00 7.2644063923693670e+02
    -1.2807304767284180e+02 1.5906301530411006e+03
    1.2419407977243815e-01 -7.2991060222284674e-04
    1.3699359684590431e+00 5.3634141525751215e+02 6.8599371306838819e+01
    1.5356208151034009e+03 -1.9410691829752366e-01
    -2.1915051379764849e-01 1.5210547849779241e+00
    9.1793027782680028e+01 5.5440909109513932e+01 1.5437787771285828e+03
    2.3889859361782440e-01 -1.2730874576511642e-01
    1.6586905636909965e+00 -9.9267384672377730e+01
    2.4929708894673422e+02 1.6443884532556740e+03 1.2663905657496677e-01
    1.6305665454935170e-02 1.2279038186364395e+00
    -5.8285873988373885e+02 -2.0417671471434733e+02
    1.7754617309048440e+03 1.3420074624716083e-01
    -5.1107296359469249e-02 1.4237221443109800e+00
    -4.8231133560271962e+02 -5.1373074648730812e+02
    1.8148076478014527e+03 -4.3179111237138623e-01
    1.2216135112689443e-01 1.9938423283389082e+00
    -2.6075446683754357e+00 -1.2896531764432891e+02
    1.6770177597353379e+03 3.9413994230187110e-01
    -1.9677223578323769e-01 1.3894777626401154e+00
    2.9201078815979457e+02 -1.5247162143759769e+02
    1.4502537830787999e+03 -4.5679080544366818e-01
    1.3539705798130164e-01 1.4510116108089823e+00 3.2793943766512108e+01
    -1.8416364954101218e+02 1.1051152808560785e+03
    -5.0279264240107069e-01 -2.5243466179940521e-01
    1.2947549986412128e+00 4.6998522000114193e+01
    -1.3085624968182577e+02 1.1073410709378088e+03
    -3.7418977781859547e-01 -1.0640400445203266e-01
    1.4462267810133267e+00 1.6800244907988019e+02 1.0444730938333819e+02
    1.0611529364538658e+03 -8.9763467651814824e-02
    -3.3214830551506486e-01 1.9540809777645844e+00
    1.2960694699296519e+02 1.2850646446559890e+02 1.1346946516551086e+03
    -2.2241245883241995e-01 4.0802937053687366e-01
    1.7633169539898847e+00 1.6442954578438653e+02
    -2.2879786702177609e+02 1.1593829004759978e+03
    -6.4169425164195965e-02 -1.0332619801962080e-01
    1.3005341813046989e+00 2.3647007160712317e+02
    -3.9274708012642327e+02 1.1475077668193762e+03
    -2.3789613095789061e-01 2.1075656828221912e-03
    1.1345195558145471e+00 -6.6390945379167349e+01
    -2.6740867852983922e+02 1.1743834458353149e+03
