%YAML:1.0
---
calibration_time: "sáb 17 mar 2018 19:55:17 -05"
nr_of_frames: 45
image_width: 640
image_height: 480
board_width: 7
board_height: 5
square_size: 27.
# flags: +zero_tangent_dist +fix_k4 +fix_k5
flags: 6152
fisheye_model: 0
camera_matrix: !!opencv-matrix
   rows: 3
   cols: 3
   dt: d
   data: [ 5.8516942932078950e+02, 0., 3.3222658200665268e+02, 0.,
       5.7895982788013134e+02, 2.3897630116382729e+02, 0., 0., 1. ]
distortion_coefficients: !!opencv-matrix
   rows: 5
   cols: 1
   dt: d
   data: [ 4.1935073645582611e-02, -3.2266952915295244e-01, 0., 0.,
       1.1823524145265372e+00 ]
avg_reprojection_error: 2.8442938935167899e+00
per_view_reprojection_errors: !!opencv-matrix
   rows: 45
   cols: 1
   dt: f
   data: [ 5.87906218e+00, 6.45562601e+00, 5.15101767e+00,
       6.63808823e+00, 5.24742413e+00, 4.34672117e+00, 5.38199282e+00,
       5.66508007e+00, 5.14683819e+00, 5.00253487e+00, 5.37048388e+00,
       4.33685303e+00, 2.24278376e-01, 2.94105291e-01, 2.51201570e-01,
       2.38195986e-01, 2.45511621e-01, 1.28701913e+00, 2.05121264e-01,
       2.32899934e-01, 2.71429271e-01, 1.89912751e-01, 2.38619179e-01,
       2.30856478e-01, 3.90545696e-01, 3.62995088e-01, 3.39757264e-01,
       4.63866591e-01, 3.93718958e-01, 6.99764848e-01, 7.03233063e-01,
       5.93370914e-01, 6.10140562e-01, 4.48897392e-01, 9.76776123e-01,
       4.65979517e-01, 4.84122872e-01, 5.32257915e-01, 5.48484445e-01,
       9.77204084e-01, 6.37461424e-01, 7.06097901e-01, 4.97018605e-01,
       9.39669728e-01, 7.81881809e-01 ]
# a set of 6-tuples (rotation vector + translation vector) for each view
extrinsic_parameters: !!opencv-matrix
   rows: 45
   cols: 6
   dt: d
   data: [ 1.6865021761563259e-01, -2.5790703327871251e-01,
       -1.1794640511024401e-01, -5.4510932052196480e+01,
       6.4993076438303078e+01, 1.2419225599589308e+03,
       -4.4622131167786960e-01, 1.9799946449788472e-01,
       1.3854295493344390e-01, -1.2276158048435195e+02,
       2.4183479732707423e+02, 1.3592513107563670e+03,
       3.3025076777929369e-01, -3.9154186714228351e-01,
       -4.0700445296295418e-01, -3.2237071384712840e+02,
       1.5186098194256107e+02, 1.2389057382391379e+03,
       5.8504231958942354e-01, -2.8935862105803645e-01,
       -3.0507277073249151e-01, -3.7206517951250180e+02,
       2.3092525765500135e+01, 1.2272736887902690e+03,
       8.6452772376267739e-01, -1.6629848165817748e-01,
       2.0026172932241737e-01, -4.0411481696470656e+02,
       -4.0180979855871567e+02, 1.1823754283799685e+03,
       -2.5286570578989093e-01, -3.2519985856691441e-01,
       -1.3889196341320345e-01, -5.9487163030787474e+02,
       -1.0217363323597030e+02, 1.2406728508987676e+03,
       2.4797230696391251e-01, -2.3426326631970598e-01,
       -2.9978875108292097e-01, -5.2884065420996546e+02,
       2.4935522601807904e+02, 1.1936030075809474e+03,
       -3.1301322620288718e-01, -9.2490867459468873e-01,
       -2.0344438241681523e-01, -5.2591863798064458e+02,
       3.1415431503623058e+01, 1.1598566060985422e+03,
       -6.9003767462689336e-01, -1.4444841141808706e-01,
       -1.3748252558838542e-01, 1.4274835103172143e+02,
       1.7216945731809287e+02, 1.3526740901666321e+03,
       -6.6741053175657783e-01, 4.0383659775120029e-01,
       2.1889471295938215e-03, 3.0277975100886630e+02,
       -3.6709548678710291e+02, 1.3698762120528627e+03,
       -2.2719336374682850e-01, -4.3144306116839476e-01,
       -3.5688803239123607e-01, 3.8667375224165517e+02,
       -8.6590812225605234e+01, 1.2820228432933902e+03,
       3.7617709262062082e-01, 4.4377805534195192e-01,
       3.0378336896937513e-01, 3.2628898051309073e+02,
       1.1329052935896827e+02, 1.2749654918970530e+03,
       -5.6736939355433259e-02, 7.1233153912786049e-02,
       -1.2982934438755248e-01, 2.0104867165441388e+02,
       -3.0485695728550587e+02, 9.6848952423796322e+02,
       2.8008315921288335e-01, 2.2603047055093856e-01,
       1.5745239000551337e-01, -6.4578489814891910e+01,
       -5.7384281756241364e+01, 9.0989109208625973e+02,
       2.1828730227442458e-01, -4.0623052636623103e-01,
       -9.3782998748289631e-02, -1.3565826655279878e+02,
       -2.4414129570410608e+02, 8.2825590799740348e+02,
       -3.4810389771848926e-01, -5.8736603926406616e-01,
       -1.8167606204770134e-01, -1.1769802317990415e+02,
       1.0296943306767660e+02, 7.9245195675755906e+02,
       2.5880468588044514e-01, -4.1726970701776506e-01,
       -1.8624172854716237e-01, -3.5712095023135669e+02,
       7.5643888602332211e+01, 8.4639937736080117e+02,
       -1.8389681628384349e-01, -4.2104261245503795e-02,
       -3.5046422747303585e-01, -3.1248757614550141e+02,
       -1.1578142007186142e+02, 8.9621930875782164e+02,
       8.0679215294302293e-03, -5.8455403393902483e-01,
       -4.0118070547036122e-01, -2.7585548524153188e+02,
       -2.0534130052431470e+02, 8.3501873209839414e+02,
       4.6101219898986234e-01, -1.3032911165780667e-01,
       -2.9936710936060679e-01, 4.0515594618210827e+01,
       -9.1784705662390664e+01, 6.7850161320806114e+02,
       5.6266527560126234e-01, -4.6518697294466343e-01,
       -2.1783570157443147e-02, 1.8338473548202860e+01,
       -2.1126526790652730e+02, 6.5611223510041816e+02,
       1.8467494425284689e-01, -2.9033240768286048e-02,
       2.8883694995539033e-01, 4.8797187895086530e+01,
       -2.8772985074810958e+01, 6.7698911200024770e+02,
       1.9177421753464918e-01, -7.6816182901068675e-02,
       -1.3042210166511237e-01, 4.3563072424974429e+01,
       1.0858531747307931e+02, 6.8829235837886563e+02,
       5.3114195488254434e-01, -3.1022137549208889e-01,
       2.1174881034331036e-01, 1.0316321747837341e+02,
       -2.2849852862064077e+02, 6.9213917384055708e+02,
       9.9595317310834861e-02, -6.3050759266189826e-01,
       -2.0678509364840381e-01, -1.9140957967333807e+02,
       -1.1992693345168443e+02, 4.7212329490147539e+02,
       -2.1792493300524820e-02, -6.0921386694919455e-01,
       -8.6623017585967674e-02, -1.6978960243789140e+02,
       -1.1572841787155593e+01, 4.4222015562742428e+02,
       -3.6203052000716895e-01, -4.1904386937455784e-01,
       2.1835887896956030e-01, -1.4313692470510605e+02,
       -2.2895193128261006e+01, 4.7655299926396214e+02,
       2.9679967817555675e-01, -8.6576151963801340e-01,
       -2.5853263596376203e-01, -1.9260274500633534e+02,
       -1.3267217380932874e+02, 4.4663655889360149e+02,
       6.3320923435804241e-02, -4.8245024166732436e-01,
       -2.9640196959192650e-01, -1.8275056184341881e+02,
       -4.3627373415171476e+01, 4.6707795367343476e+02,
       -1.0034179880748516e-01, 2.7824521474424074e-01,
       -2.3189329120494463e-02, 2.2036718400106963e+01,
       -6.3815712521825709e+01, 4.8440463238388975e+02,
       3.1825271876909439e-01, 4.2547676003979990e-02,
       -3.1758743238130288e-01, -4.1519295743175149e+01,
       -3.3634557017429401e+01, 4.1622739827876097e+02,
       -3.8483863519907741e-01, 1.2601412198948119e-02,
       8.1130196747399339e-02, -9.6941459847201031e+01,
       -9.3990098995247024e+01, 3.8449268528126112e+02,
       -6.4399383723048223e-02, -1.4425572728349317e-01,
       -3.7629243137068324e-01, -8.1302902041162881e+01,
       -5.5443140071556574e+00, 3.8440145364018144e+02,
       1.5332191620592125e-01, -3.4247479762028771e-01,
       1.8582136222549547e-02, -5.1389444031546489e+01,
       -4.6539648725442561e+01, 3.5984962415743757e+02,
       -6.1227164484180849e-02, -2.8364124477806101e-02,
       -3.3266856486693794e-02, -9.8960313639266495e+00,
       8.2405426850861456e+00, 4.0594224118567439e+02,
       3.2710053876952822e-01, -2.5512831892676047e-01,
       -3.8737935872026463e-01, -4.9909650614090936e+01,
       -7.6283776304454719e+01, 3.9613752490399116e+02,
       7.9827291934983557e-02, -2.5398771721038071e-01,
       -1.1593579843333199e-01, -1.1621831701633185e+02,
       -6.5529512247828805e+01, 3.1967064121470133e+02,
       3.2621833689895896e-01, -2.5640654398918089e-01,
