<?xml version="1.0"?>
<opencv_storage>
<calibration_time>"vie 02 mar 2018 12:44:36 -05"</calibration_time>
<nr_of_frames>25</nr_of_frames>
<image_width>640</image_width>
<image_height>360</image_height>
<board_width>5</board_width>
<board_height>4</board_height>
<square_size>4.4250000000000000e+01</square_size>
<fix_aspect_ratio>1.</fix_aspect_ratio>
<!-- flags: +fix_aspectRatio +fix_principal_point +zero_tangent_dist +fix_k4 +fix_k5 -->
<flags>6158</flags>
<fisheye_model>0</fisheye_model>
<camera_matrix type_id="opencv-matrix">
  <rows>3</rows>
  <cols>3</cols>
  <dt>d</dt>
  <data>
    5.1085980880453388e+02 0. 320. 0. 5.1085980880453388e+02 180. 0. 0.
    1.</data></camera_matrix>
<distortion_coefficients type_id="opencv-matrix">
  <rows>5</rows>
  <cols>1</cols>
  <dt>d</dt>
  <data>
    8.1354477878034556e-02 -2.0021080041647235e-01 0. 0.
    1.1425478272203832e-01</data></distortion_coefficients>
<avg_reprojection_error>3.0908629497760287e-01</avg_reprojection_error>
<per_view_reprojection_errors type_id="opencv-matrix">
  <rows>25</rows>
  <cols>1</cols>
  <dt>f</dt>
  <data>
    1.65293857e-01 3.70849967e-01 1.99924111e-01 2.01588392e-01
    2.23783255e-01 1.90245613e-01 2.16519758e-01 3.19771498e-01
    3.00360292e-01 2.26629302e-01 3.84733677e-01 3.26474935e-01
    3.25327128e-01 5.03760159e-01 1.17118515e-01 2.03182831e-01
    3.58951151e-01 2.47628555e-01 2.92454809e-01 2.25983426e-01
    1.50188476e-01 1.81331784e-01 2.14425728e-01 7.28161991e-01
    3.71882856e-01</data></per_view_reprojection_errors>
<!-- a set of 6-tuples (rotation vector + translation vector) for each view -->
<extrinsic_parameters type_id="opencv-matrix">
  <rows>25</rows>
  <cols>6</cols>
  <dt>d</dt>
  <data>
    -3.0311972870719104e+00 7.5217288950630776e-02
    -3.8185391224338106e-01 -1.1783982206481636e+02
    9.7678214842955455e+01 7.2612791041837045e+02
    -2.9585179604871414e+00 9.2325018203812101e-02
    -7.1123639962180496e-01 -1.4448813729673540e+02
    9.3025291421408880e+01 5.3452316510486639e+02
    -2.9995925442744968e+00 2.0654234789774791e-02
    -5.4949978699132296e-01 -1.5094974838003452e+02
    9.2923707432615274e+01 4.2687860457252816e+02
    -3.0266825386413134e+00 -7.5950570667893721e-04
    -2.8657885450474557e-01 -1.4841777227186606e+02
    8.6807770288261594e+01 4.9946210879540064e+02
    -2.9661768233592922e+00 -5.5986216060504419e-02
    2.6517231806774022e-01 -1.1576029818209457e+02
    7.6953722515520198e+01 6.5250299388463122e+02
    -2.9450622764250682e+00 -1.1306686890903807e-01
    4.8737933783867537e-01 -8.7065422801748340e+01
    7.2411008044604685e+01 7.7930479969546025e+02
    -3.0680240966580947e+00 -4.8286083696606918e-02
    -2.2805790458425820e-01 -1.1209089468979376e+02
    8.3748138506072365e+01 7.1212827321356258e+02
    -2.9352060954037378e+00 7.3060036088934632e-02
    -6.7529072799090772e-01 -1.2863172323870381e+02
    9.0921700757826272e+01 5.4368909597960271e+02
    -2.9270106188703693e+00 8.4762248043974614e-02
    -5.8582742338893834e-01 -1.2308284091767435e+02
    8.5087992726783682e+01 4.6219630465535698e+02
    -3.0215092985213143e+00 -2.8870009882249959e-02
    -6.6647390123322714e-02 -1.2694497790590069e+02
    6.8909212338891635e+01 4.8300565287183474e+02
    -2.9229558300015714e+00 -9.6466075120553538e-02
    5.2648672576025402e-01 -1.3157376654903172e+02
    6.9716258148969956e+01 5.0987272220025631e+02
    -2.7761626254484382e+00 -2.1126962148733439e-01
    6.1429292517879186e-01 -1.3377119960899088e+02
    7.8118454200260558e+01 5.2073058553943758e+02
    -2.9846955049288209e+00 -1.0906580362442740e-01
    2.4906347040991125e-01 -1.3412640208722766e+02
    7.1463203291656129e+01 5.2928471281884492e+02
    -3.1053108804858724e+00 1.2961775392357713e-01
    -1.9055940184965425e-01 -1.0394703533751768e+02
    1.0985656121034805e+02 6.1011882543420643e+02
    -2.9886949661596454e+00 9.6618209502157687e-02
    -1.9293411633303151e-01 -8.2696752003206527e+01
    1.2814037561283149e+02 7.3698468906764515e+02
    -2.9280316036009024e+00 3.4647398398656944e-02
    1.2426138486037930e-01 -8.9756703737998279e+01
    9.6766581416143765e+01 6.2718069440763759e+02
    -3.0397483677035853e+00 -6.8372312663431403e-03
    -6.7072207445088822e-02 -1.2742389262643430e+02
    8.9280278787615543e+01 4.8194455026102298e+02
    -2.9506741169449842e+00 8.8641929249808155e-02
    -6.4979588692895984e-01 -1.2118525662045300e+02
    1.0700263895970863e+02 3.8252550004398375e+02
    -2.8572661255099825e+00 7.2579658273279418e-02
    -2.0000852992447995e-02 -1.1152723607672075e+02
    9.6571299115162887e+01 5.1785803049576919e+02
    -2.8966980682096035e+00 6.1141669119859265e-04
    2.5749398828066189e-01 -1.0229837345518014e+02
    8.7052399150377767e+01 6.6597223908694173e+02
    -3.0493435206921085e+00 -1.1820267697292433e-01
    3.1181965474784874e-02 -8.6702828344653497e+01
    7.8204444531970211e+01 7.3200208820979253e+02 3.1146052932844728e+00
    -4.7919499437159556e-02 6.0622326441560381e-01
    -8.5255536755276609e+01 1.0009252869310387e+02
    6.4277369655104212e+02 -2.9620047192469050e+00
    1.9032254624104097e-01 -1.6344555736433508e-01
    -1.0245006278100534e+02 1.0709520054383027e+02
    6.0672643116558879e+02 -3.1072102331433222e+00
    2.8899504480360012e-02 -9.6605161219507740e-02
    -1.7944973725408596e+02 7.7228005690107565e+01
    5.2857203207349846e+02 -3.0971142349498768e+00
    -5.0927544355870297e-02 -2.6326146483139797e-02
    -2.5752032257990362e+02 6.5522913007777049e+01
    4.8260166211766131e+02</data></extrinsic_parameters>
